4294967278,42
4294967278,41
4294967278,40
4294967278,51
4294967278,50
4294967278,49
4294967278,48
4294967278,47
4294967278,46
4294967278,45
4294967278,44
4294967278,43
4294967279,140
4294967279,139
4294967279,286
4294967278,296
4294967279,137
4294967279,363
4294967294,162
4294967294,1003
4294967294,170
4294967294,1008
4294967279,340
4294967278,291
4294967278,284
4294967279,268
4294967279,269
4294967278,289
4294967294,40
4294967294,38
4294967294,37
4294967279,565
4294967294,29
4294967279,266
4294967279,283
4294967279,277
4294967279,264
4294967279,263
4294967278,59
4294967278,58
4294967278,57
4294967278,56
4294967278,55
4294967278,54
4294967278,53
4294967278,52
4294967294,104
4294967294,106
4294967294,166
4294967294,24
4294967294,189
4294967294,188
4294967294,1413
4294967294,451
4294967294,419
4294967294,30
4294967294,61
4294967294,75
4294967294,18
4294967294,127
4294967294,14
4294967294,126
4294967294,20
4294967294,13
4294967294,12
4294967294,470
4294967294,11
4294967294,68
145,5
155,5
150,4
4294967279,261
150,1
150,6
4294967279,290
145,4
4294967294,471
4294967278,61
4294967278,60
4294967279,84
4294967279,83
4294967279,81
4294967279,79
4294967279,78
4294967279,77
4294967279,75
4294967279,73
4294967279,71
4294967279,68
4294967279,67
4294967279,66
4294967279,65
4294967279,64
4294967279,63
4294967279,62
4294967279,59
4294967279,58
4294967279,57
4294967279,56
4294967279,55
4294967279,52
4294967279,51
4294967279,50
4294967279,49
4294967279,48
4294967279,47
4294967279,46
4294967279,45
4294967279,44
4294967279,43
4294967279,42
4294967279,41
4294967279,38
4294967279,36
4294967279,35
4294967279,34
4294967279,33
4294967279,31
4294967279,30
4294967279,28
4294967279,27
4294967279,25
4294967279,24
4294967279,22
4294967279,20
4294967279,274
4294967278,132
4294967278,130
4294967278,129
4294967278,128
4294967278,124
4294967278,123
4294967278,121
4294967278,117
4294967278,115
4294967278,114
4294967278,113
4294967278,112
4294967278,111
4294967278,110
4294967278,109
4294967278,107
4294967278,103
4294967278,101
4294967278,100
4294967278,99
4294967278,98
4294967278,96
4294967278,95
4294967278,94
4294967278,93
4294967278,89
4294967278,84
4294967278,82
4294967278,81
4294967278,80
4294967278,79
4294967278,77
4294967278,76
4294967278,75
4294967278,174
4294967278,74
4294967278,72
4294967278,71
4294967278,70
4294967278,400
4294967278,69
4294967278,307
4294967278,68
4294967278,67
4294967278,445
4294967278,66
4294967278,65
4294967278,64
4294967278,63
4294967278,62
4294967278,260
4294967278,2
4294967279,82
4294967279,80
4294967279,76
4294967279,74
4294967279,72
4294967279,324
4294967279,70
4294967279,378
4294967279,69
4294967279,570
4294967279,61
4294967279,60
4294967279,54
4294967279,53
4294967279,382
4294967279,335
4294967279,40
4294967279,39
4294967279,37
4294967279,571
4294967279,32
4294967279,330
4294967279,29
4294967279,26
4294967279,339
4294967279,23
4294967279,282
4294967279,21
4294967279,19
4294967279,18
4294967279,331
4294967279,17
4294967279,16
4294967279,15
4294967279,14
4294967279,13
4294967279,0
4294967279,260
4294967279,319
4294967279,12
4294967279,11
4294967279,10
4294967279,9
4294967279,8
4294967279,4
4294967279,7
4294967279,358
4294967279,6
4294967279,352
4294967279,5
4294967279,281
4294967279,253
4294967278,258
4294967278,131
4294967278,425
4294967294,41
4294967278,388
4294967294,43
4294967294,1415
4294967294,44
4294967294,45
4294967294,426
4294967278,127
4294967278,418
4294967278,126
4294967278,324
4294967294,51
4294967294,52
4294967278,255
4294967278,283
4294967278,125
4294967278,254
4294967294,76
4294967294,107
4294967294,82
4294967278,122
4294967278,252
4294967278,250
4294967294,90
4294967294,88
4294967294,86
4294967294,84
4294967294,99
4294967278,120
4294967278,249
4294967294,92
4294967278,119
4294967278,387
4294967278,118
4294967278,245
4294967278,242
4294967294,120
4294967278,116
4294967278,240
4294967278,241
4294967278,238
4294967278,237
4294967278,236
356,6
356,5
4294967278,234
356,4
356,2
356,1
4294967278,232
4294967278,230
4294967294,5
4294967278,108
4294967278,408
4294967294,416
4294967278,224
4294967294,128
4294967294,185
4294967294,1414
4294967278,106
4294967278,441
4294967278,97
4294967278,105
4294967278,440
4294967278,443
4294967278,346
4294967278,0
4294967294,1419
4294967294,1418
4294967278,104
4294967278,219
4294967278,216
4294967294,201
4294967278,102
4294967278,214
4294967278,215
4294967278,213
4294967278,212
4294967278,209
4294967278,211
4294967278,210
4294967278,439
4294967278,208
4294967294,89
4294967278,207
4294967278,206
4294967294,8
4294967278,205
4294967294,7
4294967278,92
